	AGG	AGG	AGG	AGG	AGG	SPY	SPY	SPY	SPY	SPY
	open	high	low	close	volume	open	high	low	close	volume
time										
2016-10-27 00:00:00-04:00	111.25	111.28	111.04	111.17	2109981	214.58	214.62	213.08	213.18	60252470
2016-10-28 00:00:00-04:00	111.11	111.26	111.08	111.17	1569008	213.14	213.93	211.71	212.52	115001746
2016-10-31 00:00:00-04:00	111.3	111.33	111.21	111.3	2767719	212.93	213.19	212.36	212.51	47327612
2016-11-01 00:00:00-04:00	110.88	111.1342	110.82	111.035	4524305	212.93	212.99	209.6	211.0	95507331
2016-11-02 00:00:00-04:00	111.12	111.32	111.06	111.16	2390357	210.67	211.1	209.23	209.7	80583348
2016-11-03 00:00:00-04:00	111.03	111.16	111.01	111.02	2578239	209.99	210.24	208.46	208.84	70957633
2016-11-04 00:00:00-04:00	111.15	111.32	111.13	111.26	1849669	208.91	209.89	208.38	208.52	79845877
2016-11-07 00:00:00-05:00	111.14	111.18	111.07	111.105	1779860	211.45	213.19	211.3	213.1	78745058
2016-11-08 00:00:00-05:00	111.13	111.16	110.8734	110.92	1963564	212.7	214.77	212.38	214.07	88031433
2016-11-09 00:00:00-05:00	110.53	110.57	109.78	109.89	3412358	212.37	217.1	212.34	216.41	200214304
2016-11-10 00:00:00-05:00	109.66	109.88	109.42	109.44	3970729	217.32	218.31	215.22	216.87	148171582
2016-11-11 00:00:00-05:00	109.46	109.5	109.22	109.265	2572370	216.11	216.7	215.32	216.46	76987783
2016-11-14 00:00:00-05:00	108.64	109.06	108.64	108.83	2864758	217.03	217.27	215.72	216.55	79223224
2016-11-15 00:00:00-05:00	109.0	109.07	108.87	108.92	2023735	217.04	218.28	216.8	218.25	64734384
2016-11-16 00:00:00-05:00	109.01	109.13	108.9241	109.12	2014175	217.56	218.14	217.42	217.93	47942725
2016-11-17 00:00:00-05:00	109.01	109.02	108.67	108.715	1724774	218.04	219.06	217.92	218.95	53201332
2016-11-18 00:00:00-05:00	108.81	108.82	108.36	108.38	2591706	219.07	219.27	218.29	218.52	49246274
2016-11-21 00:00:00-05:00	108.56	108.57	108.37	108.43	1557847	219.17	220.18	219.0	220.11	51958368
2016-11-22 00:00:00-05:00	108.59	108.659	108.4599	108.55	3194590	220.51	220.79	219.73	220.53	51662653
2016-11-23 00:00:00-05:00	108.18	108.3267	107.92	108.2	2334330	219.98	220.76	219.75	220.73	42625530
2016-11-25 00:00:00-05:00	108.3	108.37	108.0945	108.2	1004751	221.1	221.5489	221.01	221.54	24424740
2016-11-28 00:00:00-05:00	108.38	109.027	108.33	108.55	1932671	221.17	221.6204	220.36	220.54	52244375
2016-11-29 00:00:00-05:00	108.5	108.72	108.425	108.68	2003844	220.52	221.44	220.17	220.89	45895919
2016-11-30 00:00:00-05:00	108.23	108.43	108.1342	108.25	4086017	221.63	221.82	220.31	220.33	73658114
2016-12-01 00:00:00-05:00	107.75	107.79	107.465	107.71	4354843	220.705	220.73	219.15	219.52	64081700
2016-12-02 00:00:00-05:00	107.93	108.1999	107.85	108.02	4041171	219.67	220.25	219.26	219.66	54564756
2016-12-05 00:00:00-05:00	107.94	108.26	107.78	108.08	2618727	220.65	221.4	220.42	220.92	49535522
2016-12-06 00:00:00-05:00	108.14	108.18	108.04	108.08	3096692	221.22	221.7441	220.662	221.69	43883404
2016-12-07 00:00:00-05:00	108.22	108.38	108.2	108.37	3513943	221.52	224.67	221.38	224.57	82719158
2016-12-08 00:00:00-05:00	108.18	108.215	108.05	108.14	2601556	224.58	225.7	224.26	225.14	69979351
2016-12-09 00:00:00-05:00	108.08	108.18	107.72	107.83	3728544	225.41	226.5	225.37	226.49	59930498
2016-12-12 00:00:00-05:00	107.7	107.82	107.61	107.74	2897640	226.4	226.96	225.76	226.22	61782330
2016-12-13 00:00:00-05:00	107.87	107.94	107.7101	107.86	3201106	227.01	228.34	227.0	227.71	69706966
2016-12-14 00:00:00-05:00	108.07	108.1185	107.29	107.3	3334950	227.41	228.23	225.365	225.92	103609913
2016-12-15 00:00:00-05:00	107.37	107.42	107.15	107.16	4018431	226.15	227.81	226.01	226.77	77086526
2016-12-16 00:00:00-05:00	107.16	107.385	107.06	107.22	2805978	226.01	226.08	224.67	225.07	73808811
2016-12-19 00:00:00-05:00	107.4	107.55	107.349	107.52	2839002	225.25	226.02	225.08	225.49	49697438
2016-12-20 00:00:00-05:00	107.3	107.4366	107.27	107.415	2669160	226.15	226.57	225.88	226.37	38675955
2016-12-21 00:00:00-05:00	107.5	107.66	107.43	107.63	3738002	226.25	226.45	225.77	225.81	34922914
2016-12-22 00:00:00-05:00	107.34	107.46	107.24	107.39	3493468	225.6	225.74	224.92	225.43	36369077
2016-12-23 00:00:00-05:00	107.54	107.54	107.39	107.43	3549368	225.43	225.72	225.21	225.69	24299567
2016-12-27 00:00:00-05:00	107.19	107.34	107.19	107.33	2511881	226.02	226.73	226.0	226.24	28137868
2016-12-28 00:00:00-05:00	107.33	107.6	107.3	107.495	5317637	226.57	226.59	224.27	224.43	42633770
2016-12-29 00:00:00-05:00	107.73	107.8793	107.65	107.83	3454130	224.48	224.89	223.84	224.37	33883977
2016-12-30 00:00:00-05:00	107.88	108.12	107.85	108.06	3324351	224.73	224.83	222.73	223.55	72719402
2017-01-03 00:00:00-05:00	107.73	108.22	107.73	108.17	4260981	225.04	225.83	223.8837	225.19	65818840
2017-01-04 00:00:00-05:00	108.16	108.21	108.03	108.2	2764474	225.62	226.75	225.61	226.53	53666173
2017-01-05 00:00:00-05:00	108.37	108.68	108.2201	108.651	3549660	226.27	226.58	225.48	226.36	43631714
2017-01-06 00:00:00-05:00	108.43	108.5	108.26	108.27	2774868	226.53	227.75	225.9	227.24	53296318
2017-01-09 00:00:00-05:00	108.54	108.54	108.43	108.47	2884834	226.91	227.0701	226.4163	226.49	34343772
2017-01-10 00:00:00-05:00	108.45	108.5472	108.42	108.46	2245513	226.48	227.45	226.01	226.43	45365944
2017-01-11 00:00:00-05:00	108.53	108.93	108.42	108.585	3714128	226.36	227.07	225.59	227.06	60070328
2017-01-12 00:00:00-05:00	108.78	108.9	108.61	108.62	2876232	226.5	226.75	224.955	226.57	59431700
2017-01-13 00:00:00-05:00	108.5	108.55	108.261	108.44	3083926	226.73	227.4	226.69	227.03	42877069
2017-01-17 00:00:00-05:00	108.81	108.87	108.65	108.79	3253649	226.31	226.78	225.8	226.29	44347527
2017-01-18 00:00:00-05:00	108.6	108.67	108.235	108.315	2873994	226.54	226.8	225.9	226.74	42486413
2017-01-19 00:00:00-05:00	108.06	108.16	107.9334	108.05	2220696	226.84	227.0	225.41	225.95	47422295
2017-01-20 00:00:00-05:00	107.94	108.1191	107.83	108.06	3194620	226.7	227.31	226.05	226.7	68552410
2017-01-23 00:00:00-05:00	108.22	108.57	108.1	108.41	2895225	226.35	226.805	225.27	226.18	49394839
2017-01-24 00:00:00-05:00	108.33	108.3962	108.101	108.22	1897608	226.4	228.08	226.27	227.58	50073119
2017-01-25 00:00:00-05:00	107.98	108.04	107.83	107.865	2432442	228.7	229.57	228.51	229.49	55973875
2017-01-26 00:00:00-05:00	107.86	108.03	107.71	108.0	1907451	229.4	229.71	229.01	229.3	39630223
2017-01-27 00:00:00-05:00	108.03	108.16	108.015	108.07	2677718	229.42	229.59	228.76	228.99	34691811
2017-01-30 00:00:00-05:00	108.16	108.21	108.04	108.045	2783791	228.17	228.2	226.41	227.62	62132087
2017-01-31 00:00:00-05:00	108.08	108.3701	108.08	108.2936	6378528	226.98	227.6	226.32	227.56	54079958
2017-02-01 00:00:00-05:00	107.77	108.005	107.6935	107.91	2797253	228.25	228.59	226.94	227.64	60057843
2017-02-02 00:00:00-05:00	108.06	108.18	107.95	107.96	3098754	227.2	228.1	226.82	227.77	51007016
2017-02-03 00:00:00-05:00	108.12	108.2833	107.86	108.01	2551035	228.81	229.55	228.46	229.37	54487203
2017-02-06 00:00:00-05:00	108.22	108.38	108.095	108.31	1673644	228.87	229.326	228.54	228.97	37438872
2017-02-07 00:00:00-05:00	108.3	108.58	108.245	108.45	2204425	229.38	229.6556	228.72	228.97	36962146
2017-02-08 00:00:00-05:00	108.61	108.83	108.61	108.76	3441645	228.61	229.39	228.31	229.26	37783000
2017-02-09 00:00:00-05:00	108.61	108.67	108.43	108.47	2526830	229.56	230.95	229.52	230.57	45466326
2017-02-10 00:00:00-05:00	108.26	108.47	108.26	108.45	2221943	231.02	231.77	230.88	231.48	44461282
2017-02-13 00:00:00-05:00	108.34	108.35	108.23	108.32	2032088	232.08	233.07	232.05	232.73	42341887
2017-02-14 00:00:00-05:00	108.3	108.3	107.91	108.06	2419303	232.56	233.71	232.16	233.71	50850084
2017-02-15 00:00:00-05:00	107.92	108.0	107.86	107.92	1679278	233.45	235.14	233.39	234.87	61469145
2017-02-16 00:00:00-05:00	108.01	108.28	108.01	108.13	5104745	234.96	235.155	233.85	234.73	66786200
2017-02-17 00:00:00-05:00	108.37	108.445	108.32	108.37	2098583	233.95	235.07	233.93	235.06	48329777
2017-02-21 00:00:00-05:00	108.24	108.45	108.22	108.36	1806888	235.52	236.69	235.51	236.45	52838456
2017-02-22 00:00:00-05:00	108.54	108.55	108.2	108.45	2505309	236.02	236.54	235.83	236.3	39266269
2017-02-23 00:00:00-05:00	108.56	108.645	108.5338	108.64	2005299	236.88	236.9	235.56	236.45	62429211
2017-02-24 00:00:00-05:00	108.88	109.06	108.82	109.02	2440862	235.46	236.7932	235.41	236.78	57964755
2017-02-27 00:00:00-05:00	108.95	108.98	108.77	108.795	1771925	236.63	237.31	236.35	237.13	41659147
2017-02-28 00:00:00-05:00	108.8	108.94	108.75	108.78	3472925	236.67	236.95	236.015	236.51	59059431
2017-03-01 00:00:00-05:00	108.12	108.1369	107.98	108.02	3088674	238.38	240.32	238.37	239.75	79898964
2017-03-02 00:00:00-05:00	107.93	107.99	107.7513	107.85	1946148	239.56	239.57	238.21	238.33	55176061
2017-03-03 00:00:00-05:00	107.92	107.97	107.74	107.92	3544260	238.17	238.61	237.73	238.48	45071424
2017-03-06 00:00:00-05:00	107.94	107.99	107.82	107.88	3138858	237.5	238.12	237.01	237.76	38523724
2017-03-07 00:00:00-05:00	107.8	107.84	107.69	107.71	2068831	237.35	237.77	236.76	237.05	39725885
2017-03-08 00:00:00-05:00	107.39	107.5	107.34	107.46	2693221	237.32	237.64	236.4	236.59	54522947
2017-03-09 00:00:00-05:00	107.32	107.34	107.1207	107.15	2894452	236.68	237.24	235.74	236.82	58591980
2017-03-10 00:00:00-05:00	107.23	107.32	107.16	107.29	1787253	237.97	238.02	236.59	237.64	57074557
2017-03-13 00:00:00-04:00	107.21	107.28	107.1	107.11	1488298	237.62	237.86	237.24	237.76	38721556
2017-03-14 00:00:00-04:00	107.08	107.24	107.08	107.15	2517060	237.2	237.24	236.19	236.93	45447851
2017-03-15 00:00:00-04:00	107.25	107.79	107.2	107.78	2040321	237.56	239.44	237.29	238.89	68203425
2017-03-16 00:00:00-04:00	107.68	107.75	107.62	107.665	1890283	239.11	239.2	238.1	238.52	52393139
2017-03-17 00:00:00-04:00	107.72	107.91	107.6901	107.9	2061802	237.75	237.97	237.07	237.08	50206841
2017-03-20 00:00:00-04:00	107.86	108.05	107.8401	108.05	1521717	237.03	237.36	236.32	236.74	37732815
2017-03-21 00:00:00-04:00	107.93	108.27	107.93	108.27	1885080	237.47	237.61	233.58	233.78	102898817
2017-03-22 00:00:00-04:00	108.44	108.54	108.36	108.43	2260513	233.77	234.61	233.05	234.27	70252351
2017-03-23 00:00:00-04:00	108.44	108.51	108.2635	108.45	1920280	233.99	235.34	233.6	234.01	76534784
2017-03-24 00:00:00-04:00	108.35	108.51	108.31	108.37	2249110	234.38	235.04	232.96	233.9	82201507
2017-03-27 00:00:00-04:00	108.65	108.71	108.5345	108.605	1811277	231.93	233.92	231.61	233.58	67180329
2017-03-28 00:00:00-04:00	108.63	108.68	108.35	108.38	1804002	233.27	235.81	233.14	235.27	64554450
2017-03-29 00:00:00-04:00	108.48	108.62	108.46	108.6	1635068	235.01	235.81	234.725	235.59	40664024
2017-03-30 00:00:00-04:00	108.52	108.58	108.38	108.41	1611863	235.49	236.52	235.27	236.27	40604487
2017-03-31 00:00:00-04:00	108.44	108.53	108.42	108.52	3151075	235.905	236.51	235.68	235.71	47583793
2017-04-03 00:00:00-04:00	108.31	108.68	108.3	108.67	3857775	235.8	236.03	233.91	235.37	58627715
2017-04-04 00:00:00-04:00	108.61	108.65	108.52	108.56	1482935	235.0	235.58	234.555	235.51	43130784
2017-04-05 00:00:00-04:00	108.48	108.74	108.453	108.69	1900282	236.26	237.39	234.54	234.77	84819899
2017-04-06 00:00:00-04:00	108.64	108.71	108.48	108.67	1599535	234.95	236.04	234.425	235.39	53559902
2017-04-07 00:00:00-04:00	108.8	108.89	108.42	108.44	1668826	235.15	236.0	234.64	235.17	53293901
2017-04-10 00:00:00-04:00	108.53	108.65	108.4901	108.57	1751500	235.36	236.255	234.73	235.32	46610548
2017-04-11 00:00:00-04:00	108.76	108.98	108.75	108.9	2054745	234.87	235.18	233.34	235.04	63951745
2017-04-12 00:00:00-04:00	108.93	109.2	108.89	109.14	2243678	234.74	234.96	233.77	234.1	55338215
2017-04-13 00:00:00-04:00	109.25	109.39	109.13	109.28	2004878	233.63	234.49	232.54	232.54	63216959
2017-04-17 00:00:00-04:00	109.3	109.4	109.18	109.22	1432374	233.11	234.57	232.88	234.57	46820072
2017-04-18 00:00:00-04:00	109.41	109.7	109.39	109.665	2200401	233.71	234.49	233.08	233.86	52786936
2017-04-19 00:00:00-04:00	109.47	109.56	109.39	109.47	1986888	234.52	234.95	233.18	233.47	53760209
2017-04-20 00:00:00-04:00	109.31	109.4	109.2	109.3	1738089	234.15	235.845	233.78	235.3	65462557
2017-04-21 00:00:00-04:00	109.4	109.4899	109.3	109.33	1388470	235.25	235.31	234.13	234.59	54056385
2017-04-24 00:00:00-04:00	109.05	109.22	109.0	109.17	1945439	237.18	237.41	236.61	237.12	72965789
2017-04-25 00:00:00-04:00	108.99	109.045	108.77	108.805	1717302	237.91	238.95	237.81	238.53	55736881
2017-04-26 00:00:00-04:00	108.85	108.97	108.77	108.97	2679957	238.53	239.53	238.35	238.44	57950185
2017-04-27 00:00:00-04:00	108.94	109.1	108.91	109.05	1249545	238.78	238.95	237.98	238.61	39577860
2017-04-28 00:00:00-04:00	108.98	109.25	108.91	109.25	2722695	238.9	238.93	237.93	238.1	42264701
2017-05-01 00:00:00-04:00	108.86	108.9599	108.62	108.735	2335646	238.69	239.17	238.195	238.65	38750688
2017-05-02 00:00:00-04:00	108.68	108.94	108.679	108.89	2570794	238.84	238.98	238.3	238.79	39563850
2017-05-03 00:00:00-04:00	108.97	108.99	108.77	108.795	1765578	238.32	238.8775	237.7	238.52	47292627
2017-05-04 00:00:00-04:00	108.55	108.7	108.55	108.665	1789624	238.83	238.9225	237.78	238.75	46170233
2017-05-05 00:00:00-04:00	108.72	108.74	108.57	108.72	1287794	239.18	239.72	238.68	239.72	43733544
2017-05-08 00:00:00-04:00	108.63	108.67	108.49	108.495	1579134	239.76	239.92	239.17	239.67	32087919
2017-05-09 00:00:00-04:00	108.43	108.51	108.4	108.495	2395343	239.96	240.19	239.04	239.46	39723891
2017-05-10 00:00:00-04:00	108.6	108.66	108.44	108.52	1427511	239.38	239.87	239.15	239.85	34222778
2017-05-11 00:00:00-04:00	108.35	108.54	108.3435	108.515	1773499	239.35	239.57	238.13	239.41	45435690
2017-05-12 00:00:00-04:00	108.81	108.94	108.78	108.92	1136553	239.09	239.21	238.67	239.03	35283567
2017-05-15 00:00:00-04:00	108.85	108.94	108.82	108.89	1620264	239.47	240.44	239.45	240.245	42230620
2017-05-16 00:00:00-04:00	108.88	109.101	108.88	109.0	1394153	240.62	240.67	239.63	240.1	37206183
2017-05-17 00:00:00-04:00	109.35	109.6	109.28	109.56	2263851	238.1	238.64	235.75	235.85	118613594
2017-05-18 00:00:00-04:00	109.54	109.6299	109.4433	109.55	1873534	235.7	237.75	235.43	236.67	82965499
2017-05-19 00:00:00-04:00	109.51	109.535	109.352	109.525	1345002	237.33	239.08	237.27	238.3	69366163
2017-05-22 00:00:00-04:00	109.43	109.48	109.4	109.44	1199164	238.9	239.71	238.82	239.53	37630972
2017-05-23 00:00:00-04:00	109.5	109.53	109.21	109.24	1194872	239.95	240.24	239.51	240.02	36771135
2017-05-24 00:00:00-04:00	109.25	109.5	109.2115	109.45	2325960	240.32	240.73	239.93	240.59	37423590
2017-05-25 00:00:00-04:00	109.45	109.49	109.3701	109.46	1382257	241.2	242.08	240.96	241.71	45278321
2017-05-26 00:00:00-04:00	109.46	109.54	109.44	109.48	853245	241.55	241.9	241.45	241.74	30002081
2017-05-30 00:00:00-04:00	109.58	109.66	109.54	109.635	1199625	241.33	241.79	241.16	241.52	28437351
2017-05-31 00:00:00-04:00	109.64	109.81	109.64	109.75	2011554	241.84	241.88	240.64	241.42	59140588
2017-06-01 00:00:00-04:00	109.36	109.5	109.3409	109.47	2241270	241.96	243.34	241.64	243.32	50837868
2017-06-02 00:00:00-04:00	109.74	109.89	109.7047	109.84	1322101	243.41	244.35	243.08	244.13	50298878
2017-06-05 00:00:00-04:00	109.66	109.74	109.6	109.66	2074161	243.98	244.3	243.76	243.965	27596403
2017-06-06 00:00:00-04:00	109.87	109.95	109.81	109.87	1434088	243.31	243.98	243.12	243.25	36562468
2017-06-07 00:00:00-04:00	109.81	109.87	109.7	109.73	1570692	243.6	243.92	242.83	243.65	38602639
2017-06-08 00:00:00-04:00	109.7	109.7	109.5101	109.65	1243191	243.77	244.33	243.17	243.76	48051333
2017-06-09 00:00:00-04:00	109.51	109.63	109.46	109.56	1356020	244.09	245.01	241.95	243.45	103578275
2017-06-12 00:00:00-04:00	109.51	109.6958	109.47	109.555	1184601	243.14	243.42	242.38	243.34	57096569
2017-06-13 00:00:00-04:00	109.43	109.6	109.43	109.58	1324388	243.99	244.61	243.5799	244.52	43470532
2017-06-14 00:00:00-04:00	110.0	110.18	109.85	109.95	2304819	244.86	244.87	243.29	244.26	55098826
2017-06-15 00:00:00-04:00	109.9	109.9	109.78	109.87	1938779	242.68	243.91	242.36	243.79	51523068
2017-06-16 00:00:00-04:00	109.86	109.97	109.85	109.945	1709677	242.77	242.83	241.6337	242.63	48998243
2017-06-19 00:00:00-04:00	109.87	109.9	109.74	109.79	1375531	243.59	244.73	243.48	244.64	42503652
2017-06-20 00:00:00-04:00	109.85	110.03	109.8	109.975	2010628	244.25	244.26	242.99	243.04	39203167
2017-06-21 00:00:00-04:00	109.88	110.04	109.88	109.98	1085301	243.43	243.59	242.41	242.95	42746920
2017-06-22 00:00:00-04:00	110.06	110.0947	109.95	110.05	1295361	242.97	243.53	242.64	242.83	32991335
2017-06-23 00:00:00-04:00	110.01	110.1085	109.98	110.07	1101304	242.91	243.51	242.47	243.16	45792641
2017-06-26 00:00:00-04:00	110.19	110.24	110.13	110.16	1364100	243.89	244.38	243.045	243.27	43153677
2017-06-27 00:00:00-04:00	109.93	109.98	109.7901	109.83	2883305	243.04	243.38	241.31	241.36	60858189
2017-06-28 00:00:00-04:00	109.85	109.88	109.68	109.85	12016805	242.5	243.715	242.23	243.46	50076355
2017-06-29 00:00:00-04:00	109.53	109.68	109.465	109.64	2457876	243.66	243.72	239.955	241.39	87799860
2017-06-30 00:00:00-04:00	109.62	109.6273	109.46	109.49	2201175	242.26	242.71	241.575	241.77	50347309
2017-07-03 00:00:00-04:00	109.3	109.3	109.01	109.08	1681516	242.91	243.38	242.29	242.32	27234078
2017-07-05 00:00:00-04:00	109.08	109.18	109.0	109.15	2694196	242.62	243.01	241.7	242.77	41067682
2017-07-06 00:00:00-04:00	108.95	109.0	108.82	108.95	2057393	241.88	242.03	240.34	240.58	52390161
2017-07-07 00:00:00-04:00	108.89	108.95	108.83	108.87	2536724	241.21	242.28	241.02	242.1	36831437
2017-07-10 00:00:00-04:00	108.97	109.02	108.89	108.96	1940466	241.95	242.8	241.76	242.36	27912725
2017-07-11 00:00:00-04:00	108.97	109.1	108.93	109.055	1613602	242.16	242.55	240.85	242.16	40900622
2017-07-12 00:00:00-04:00	109.38	109.43	109.26	109.38	1787218	243.3	244.2	243.3	243.98	38779965
2017-07-13 00:00:00-04:00	109.29	109.3118	109.13	109.24	1432660	244.02	244.55	243.76	244.41	29889284
2017-07-14 00:00:00-04:00	109.54	109.56	109.29	109.36	1744770	244.42	245.97	244.31	245.54	40758038
2017-07-17 00:00:00-04:00	109.4	109.48	109.32	109.41	1910544	245.47	245.91	245.33	245.51	22378971
2017-07-18 00:00:00-04:00	109.64	109.71	109.58	109.68	2471170	245.06	245.72	244.67	245.69	31695494
2017-07-19 00:00:00-04:00	109.72	109.75	109.63	109.7	1405289	246.02	247.0	246.01	246.99	31007738
2017-07-20 00:00:00-04:00	109.85	109.88	109.7	109.74	1568327	247.28	247.42	246.47	247.07	33642116
2017-07-21 00:00:00-04:00	109.88	109.96	109.83	109.9	1406859	246.45	246.91	246.18	246.89	38750037
2017-07-24 00:00:00-04:00	109.84	109.92	109.76	109.81	1609935	246.79	246.98	246.28	246.81	28561213
2017-07-25 00:00:00-04:00	109.6	109.63	109.39	109.429	2031555	247.68	247.8	247.16	247.39	35678875
2017-07-26 00:00:00-04:00	109.37	109.71	109.35	109.63	1506702	247.75	247.79	247.13	247.45	34672798
2017-07-27 00:00:00-04:00	109.51	109.5868	109.4301	109.495	1646046	247.96	248.0	245.68	247.22	56602565
2017-07-28 00:00:00-04:00	109.54	109.7	109.49	109.695	1732483	246.65	247.06	246.13	246.9	36125701
2017-07-31 00:00:00-04:00	109.69	109.725	109.58	109.66	1717095	247.37	247.48	246.53	246.74	36235893
2017-08-01 00:00:00-04:00	109.38	109.72	109.36	109.71	1930352	247.46	247.5	246.716	247.309	33209109
2017-08-02 00:00:00-04:00	109.71	109.77	109.64	109.64	2060430	247.48	247.6	246.37	247.44	37129643
2017-08-03 00:00:00-04:00	109.77	109.94	109.74	109.88	1281715	247.31	247.34	246.64	246.98	29183144
2017-08-04 00:00:00-04:00	109.7	109.72	109.535	109.67	2144413	247.52	247.79	246.97	247.4	39150064
2017-08-07 00:00:00-04:00	109.69	109.72	109.6066	109.685	1425317	247.49	247.87	247.37	247.85	20901988
2017-08-08 00:00:00-04:00	109.67	109.69	109.5	109.581	1998999	247.51	248.91	246.83	247.291	44619069
2017-08-09 00:00:00-04:00	109.87	109.87	109.66	109.67	2069028	246.47	247.31	246.06	247.23	48543032
2017-08-10 00:00:00-04:00	109.7	109.85	109.67	109.8053	1691677	246.28	246.44	243.7	243.79	87857827
2017-08-11 00:00:00-04:00	109.75	109.94	109.68	109.885	1613467	244.02	244.8	243.75	244.11	56404847
2017-08-14 00:00:00-04:00	109.84	109.8969	109.74	109.81	2002026	245.59	246.79	245.55	246.52	49018104
2017-08-15 00:00:00-04:00	109.56	109.715	109.56	109.65	1585338	246.98	247.0	246.16	246.53	35274867
2017-08-16 00:00:00-04:00	109.54	109.93	109.54	109.84	1570272	247.11	247.57	246.45	246.92	44955596
2017-08-17 00:00:00-04:00	109.83	110.02	109.78	110.01	2033497	246.24	246.6	243.1	243.13	89435117
2017-08-18 00:00:00-04:00	110.05	110.14	109.89	109.965	1453298	242.9	244.189	242.2	242.69	85934699
2017-08-21 00:00:00-04:00	110.01	110.09	109.97	110.03	1606116	242.64	243.2	241.83	242.93	47802190
2017-08-22 00:00:00-04:00	109.99	110.0	109.87	109.91	1596701	243.58	245.62	243.55	245.4	49424448
2017-08-23 00:00:00-04:00	110.08	110.19	110.01	110.18	1696538	244.35	245.05	244.16	244.538	33779990
2017-08-24 00:00:00-04:00	110.07	110.16	109.99	110.04	2003978	245.0	245.18	243.75	244.03	40579279
2017-08-25 00:00:00-04:00	110.05	110.19	110.01	110.13	2050492	244.9	245.61	244.39	244.54	44547887
2017-08-28 00:00:00-04:00	110.17	110.24	110.1	110.17	2822250	245.13	245.2	244.09	244.59	24811471
2017-08-29 00:00:00-04:00	110.48	110.49	110.26	110.33	1710077	243.11	245.15	242.93	244.85	40179210
2017-08-30 00:00:00-04:00	110.27	110.33	110.24	110.29	1357572	244.83	246.32	244.62	246.04	40088765
2017-08-31 00:00:00-04:00	110.31	110.46	110.31	110.435	4179400	246.73	247.77	246.61	247.42	52550897
2017-09-01 00:00:00-04:00	110.19	110.22	109.91	109.96	2579681	247.92	248.33	247.67	247.88	39588857
2017-09-05 00:00:00-04:00	110.27	110.4972	110.21	110.42	1922189	247.24	247.52	244.95	246.1	66628408
2017-09-06 00:00:00-04:00	110.42	110.52	110.2301	110.29	2476931	246.84	247.28	246.23	246.91	44577397
2017-09-07 00:00:00-04:00	110.43	110.66	110.42	110.58	1526058	247.26	247.27	246.4	246.89	38558992
2017-09-08 00:00:00-04:00	110.54	110.58	110.43	110.43	2004746	246.53	247.11	246.3	246.55	39326387
2017-09-11 00:00:00-04:00	110.27	110.29	110.1	110.14	1986181	248.04	249.3	248.02	249.17	48756933
2017-09-12 00:00:00-04:00	110.04	110.06	109.92	109.98	1827871	249.63	250.07	249.42	250.07	42765330
2017-09-13 00:00:00-04:00	110.0	110.04	109.86	109.86	1125316	249.73	250.21	249.59	250.18	30812116
2017-09-14 00:00:00-04:00	109.81	109.97	109.81	109.93	1485053	249.79	250.32	249.6	250.1	40831958
2017-09-15 00:00:00-04:00	110.0	110.04	109.86	109.92	2638010	248.69	249.29	248.57	249.25	41676476
2017-09-18 00:00:00-04:00	109.86	109.9	109.7705	109.85	1621727	249.61	250.12	249.28	249.69	31002452
2017-09-19 00:00:00-04:00	109.91	109.91	109.785	109.82	1220416	250.0	250.07	249.6	249.97	25491201
2017-09-20 00:00:00-04:00	109.84	109.9194	109.59	109.7	1216139	250.06	250.19	248.92	250.09	42770537
2017-09-21 00:00:00-04:00	109.82	109.85	109.68	109.68	2102279	249.89	249.98	249.185	249.4	29220256
2017-09-22 00:00:00-04:00	109.86	109.9	109.75	109.785	1325024	249.05	249.63	249.02	249.42	31078666
2017-09-25 00:00:00-04:00	109.85	110.04	109.82	110.025	3031529	249.14	249.5532	248.08	248.94	42826453
2017-09-26 00:00:00-04:00	109.95	110.02	109.88	109.99	2074080	249.42	249.7	248.805	249.05	36761208
2017-09-27 00:00:00-04:00	109.67	109.75	109.6	109.668	1439682	249.88	250.49	248.87	250.02	51473231
2017-09-28 00:00:00-04:00	109.58	109.72	109.51	109.68	1553324	249.73	250.44	249.63	250.34	25577234
2017-09-29 00:00:00-04:00	109.74	109.77	109.54	109.64	2969204	250.34	251.32	250.13	251.2	41410208
2017-10-02 00:00:00-04:00	109.43	109.47	109.33	109.425	3840216	251.49	252.3	251.2926	252.29	37469184
2017-10-03 00:00:00-04:00	109.46	109.54	109.4	109.52	2243369	252.46	252.89	252.23	252.85	33875099
2017-10-04 00:00:00-04:00	109.56	109.57	109.41	109.5	2130907	252.69	253.44	252.56	253.16	30217246
2017-10-05 00:00:00-04:00	109.54	109.54	109.3701	109.44	1586971	253.51	254.68	253.4	254.64	45350955
2017-10-06 00:00:00-04:00	109.22	109.42	109.1499	109.29	1587251	254.15	254.46	253.85	254.4	40706912
2017-10-09 00:00:00-04:00	109.35	109.42	109.3146	109.4	1000706	254.63	254.7	253.65	253.96	23554888
2017-10-10 00:00:00-04:00	109.47	109.61	109.3999	109.43	1502645	254.62	255.05	253.98	254.6	28248210
2017-10-11 00:00:00-04:00	109.47	109.53	109.42	109.47	1576528	254.51	255.02	254.32	255.0	24704274
2017-10-12 00:00:00-04:00	109.56	109.61	109.48	109.61	1797948	254.66	255.06	254.365	254.6	32195167
2017-10-13 00:00:00-04:00	109.82	109.87	109.69	109.85	1573645	255.14	255.27	254.64	254.91	33563533
2017-10-16 00:00:00-04:00	109.75	109.81	109.66	109.74	3556213	255.21	255.51	254.82	255.3	25720677
2017-10-17 00:00:00-04:00	109.62	109.74	109.55	109.7	1638086	255.24	255.52	254.98	255.46	23608473
2017-10-18 00:00:00-04:00	109.51	109.56	109.46	109.53	1511319	255.9	255.95	255.5	255.69	25173613
2017-10-19 00:00:00-04:00	109.71	109.75	109.54	109.61	1747693	254.82	255.82	254.35	255.82	41439302
2017-10-20 00:00:00-04:00	109.32	109.405	109.26	109.305	1768427	256.7	257.14	256.42	257.08	41153383
2017-10-23 00:00:00-04:00	109.4	109.47	109.36	109.41	1571621	257.48	257.51	256.02	256.15	36345830
2017-10-24 00:00:00-04:00	109.23	109.29	109.17	109.2	1492997	256.59	256.83	256.15	256.55	51308377
2017-10-25 00:00:00-04:00	108.96	109.13	108.95	109.11	2706969	256.19	256.31	254.0	255.3	72200254
2017-10-26 00:00:00-04:00	109.2	109.229	108.98	109.0	1488075	255.99	256.3	255.56	255.59	37718330
2017-10-27 00:00:00-04:00	109.07	109.26	109.035	109.24	1527412	256.5	257.89	256.16	257.68	49910859
2017-10-30 00:00:00-04:00	109.43	109.56	109.36	109.53	1719161	257.07	257.6	256.41	256.8	37073374
2017-10-31 00:00:00-04:00	109.52	109.55	109.44	109.45	2427946	257.18	257.44	256.805	257.11	35711419
2017-11-01 00:00:00-04:00	109.17	109.41	109.17	109.29	2289204	258.04	258.43	257.07	257.51	40454406
2017-11-02 00:00:00-04:00	109.35	109.495	109.331	109.36	1870711	257.41	257.75	256.19	257.61	42432046
2017-11-03 00:00:00-04:00	109.48	109.48	109.29	109.46	1511462	257.78	258.5	257.3	258.44	38008582
2017-11-06 00:00:00-05:00	109.56	109.59	109.46	109.54	1120425	258.29	259.0	258.22	258.82	22683758
2017-11-07 00:00:00-05:00	109.58	109.61	109.49	109.57	1617243	258.97	259.35	258.09	258.7	40140309
2017-11-08 00:00:00-05:00	109.54	109.6	109.46	109.5	2228734	258.46	259.22	258.15	259.13	32174191
2017-11-09 00:00:00-05:00	109.39	109.46	109.3	109.42	1941380	257.73	258.39	256.36	258.2	75322217
2017-11-10 00:00:00-05:00	109.06	109.15	108.97	108.985	1488306	257.73	258.21	257.37	258.08	35755951
2017-11-13 00:00:00-05:00	109.11	109.11	108.96	108.98	1677797	257.32	258.59	257.27	258.34	31963013
2017-11-14 00:00:00-05:00	109.01	109.12	109.0	109.105	2663310	257.4	258.3581	256.52	257.75	41935632
2017-11-15 00:00:00-05:00	109.26	109.38	109.14	109.33	1959296	256.62	257.22	255.63	256.43	55509843
2017-11-16 00:00:00-05:00	109.22	109.32	109.175	109.18	1754309	257.52	259.04	257.4748	258.609	51840766
2017-11-17 00:00:00-05:00	109.33	109.39	109.26	109.32	1779593	258.22	258.44	257.77	257.89	42081169
2017-11-20 00:00:00-05:00	109.23	109.3	109.18	109.25	2383640	258.14	258.525	257.86	258.29	29587185
2017-11-21 00:00:00-05:00	109.39	109.43	109.222	109.34	1939152	259.18	260.2	259.09	259.96	43517856
2017-11-22 00:00:00-05:00	109.4	109.56	109.38	109.55	5577462	260.03	260.15	259.57	259.77	27601406
2017-11-24 00:00:00-05:00	109.5	109.56	109.48	109.52	1255510	260.28	260.48	260.16	260.34	16323543
2017-11-27 00:00:00-05:00	109.53	109.58	109.44	109.52	2012690	260.41	260.75	260.0	260.26	29732937
2017-11-28 00:00:00-05:00	109.59	109.63	109.47	109.5	3323300	260.76	262.9	258.4	262.85	57806500
2017-11-29 00:00:00-05:00	109.27	109.32	109.1789	109.27	2070585	263.02	263.63	262.2	262.73	51230764
2017-11-30 00:00:00-05:00	109.25	109.3	109.02	109.08	2627063	263.76	266.05	263.67	264.88	82186751
2017-12-01 00:00:00-05:00	109.02	109.48	108.845	109.16	3039439	264.77	265.31	260.76	264.44	129633023
2017-12-04 00:00:00-05:00	109.03	109.17	109.0	109.16	2230286	266.31	266.8	264.12	264.13	65845643
2017-12-05 00:00:00-05:00	109.09	109.26	109.08	109.245	2710349	264.43	265.15	263.04	263.2	60173712
2017-12-06 00:00:00-05:00	109.42	109.52	109.37	109.37	2719857	262.87	263.73	262.71	263.21	40844621
2017-12-07 00:00:00-05:00	109.44	109.46	109.1536	109.23	2430316	263.09	264.43	262.94	264.04	40146879
2017-12-08 00:00:00-05:00	109.21	109.29	109.145	109.19	1533143	265.01	265.52	264.72	265.49	41139547
2017-12-11 00:00:00-05:00	109.29	109.32	109.13	109.13	2475019	265.57	266.38	265.49	266.34	38104278
2017-12-12 00:00:00-05:00	109.07	109.11	108.95	109.1	2839614	266.59	267.32	266.345	266.79	46482549
2017-12-13 00:00:00-05:00	109.23	109.55	109.135	109.41	2638160	267.06	267.56	266.65	266.73	48961663
2017-12-14 00:00:00-05:00	109.31	109.51	109.23	109.45	3698172	267.12	267.22	265.6	265.67	57343318
2017-12-15 00:00:00-05:00	109.42	109.55	109.315	109.47	2034072	265.45	267.04	265.39	266.53	59269913
2017-12-18 00:00:00-05:00	109.47	109.47	109.25	109.31	3090761	268.08	268.6	267.98	268.18	45691370
2017-12-19 00:00:00-05:00	109.14	109.16	108.89	109.0	2583809	268.48	268.53	267.09	267.22	46990895
2017-12-20 00:00:00-05:00	108.75	108.88	108.7059	108.77	3123756	268.25	268.33	266.69	267.04	42133908
2017-12-21 00:00:00-05:00	108.76	108.87	108.73	108.83	2173058	267.73	268.385	267.3	267.57	34999954
2017-12-22 00:00:00-05:00	108.82	108.89	108.81	108.88	2952430	267.6	267.635	266.9	267.48	36604044
2017-12-26 00:00:00-05:00	108.91	109.01	108.87	108.96	1717408	267.06	267.39	266.885	267.17	24888478
2017-12-27 00:00:00-05:00	109.02	109.325	109.02	109.285	1863189	267.36	267.73	267.01	267.33	32573906
2017-12-28 00:00:00-05:00	109.22	109.2599	109.1435	109.22	2490982	267.85	267.92	267.45	267.86	23583584
2017-12-29 00:00:00-05:00	109.28	109.39	109.24	109.34	2073522	268.55	268.55	266.64	266.88	43875796
2018-01-02 00:00:00-05:00	109.26	109.31	108.97	109.17	5495219	267.84	268.81	267.4	268.8	50844678
2018-01-03 00:00:00-05:00	109.25	109.25	109.09	109.19	2131463	268.95	270.64	268.95	270.47	53141377
2018-01-04 00:00:00-05:00	109.02	109.15	108.9747	109.12	2706462	271.21	272.16	271.1	271.63	47841096
2018-01-05 00:00:00-05:00	109.15	109.15	108.95	109.021	2936467	272.5	273.56	271.95	273.39	45782622
2018-01-08 00:00:00-05:00	109.11	109.11	108.95	109.0	2842958	273.31	274.1	272.98	273.93	33627800
2018-01-09 00:00:00-05:00	108.91	108.91	108.69	108.71	1991045	274.4	275.25	274.09	274.53	40421422
2018-01-10 00:00:00-05:00	108.48	108.72	108.43	108.71	3272935	273.69	274.42	272.92	274.1	41575815
2018-01-11 00:00:00-05:00	108.66	108.86	108.61	108.77	2652838	274.75	276.09	274.56	276.08	39159808
2018-01-12 00:00:00-05:00	108.64	108.83	108.63	108.7401	2950016	276.42	278.11	276.27	277.91	53855427
2018-01-16 00:00:00-05:00	108.87	108.98	108.715	108.76	6011248	279.35	280.09	276.18	276.96	70240852
2018-01-17 00:00:00-05:00	108.73	108.839	108.62	108.65	2880481	278.04	280.05	277.19	279.61	62162956
2018-01-18 00:00:00-05:00	108.43	108.525	108.35	108.38	2681682	279.5	279.96	278.58	279.18	57402163
2018-01-19 00:00:00-05:00	108.4	108.4	108.14	108.15	2751607	279.8	280.4	279.14	280.38	55178145
2018-01-22 00:00:00-05:00	108.22	108.2999	108.11	108.16	3020514	280.17	282.68	280.11	282.67	47776828
2018-01-23 00:00:00-05:00	108.33	108.4401	108.29	108.39	3488873	282.74	283.62	282.37	283.26	53406595
2018-01-24 00:00:00-05:00	108.25	108.32	108.15	108.28	2004492	283.99	284.7	281.84	283.18	77334662
2018-01-25 00:00:00-05:00	108.26	108.57	108.19	108.56	9339661	284.16	284.27	282.405	283.28	51821059
2018-01-26 00:00:00-05:00	108.51	108.51	108.27	108.38	2226605	284.27	286.58	283.96	286.57	56613904
2018-01-29 00:00:00-05:00	108.14	108.21	108.02	108.19	3532887	285.97	286.43	284.5	284.68	60825439
2018-01-30 00:00:00-05:00	108.12	108.12	107.92	108.005	2965870	282.59	283.29	281.22	281.66	86366361
2018-01-31 00:00:00-05:00	108.2	108.21	107.88	108.09	5729791	282.73	283.3	280.68	281.91	76360186
2018-02-01 00:00:00-05:00	107.75	107.825	107.48	107.49	8569565	281.04	283.06	280.68	281.6	64693558
2018-02-02 00:00:00-05:00	107.25	107.345	107.1	107.2	4266243	280.08	280.23	275.41	275.52	121717871
2018-02-05 00:00:00-05:00	107.12	107.81	107.0	107.63	4879995	273.47	275.85	263.31	264.18	205971586
2018-02-06 00:00:00-05:00	107.46	107.56	107.28	107.3	5489931	259.99	269.7	254.12	269.18	232359323
2018-02-07 00:00:00-05:00	107.43	107.4369	107.0	107.085	3440626	268.5	272.36	267.63	267.66	112819262
2018-02-08 00:00:00-05:00	106.84	107.14	106.77	106.92	4351275	267.97	268.17	257.59	257.72	156654099
2018-02-09 00:00:00-05:00	106.78	107.07	106.7	106.76	5603974	260.8	263.61	252.92	261.67	207357854
2018-02-12 00:00:00-05:00	106.74	106.945	106.6632	106.77	5075086	263.87	267.01	261.88	265.26	99933794
2018-02-13 00:00:00-05:00	106.79	106.91	106.7	106.83	3689890	263.94	266.62	263.31	266.01	56891150
2018-02-14 00:00:00-05:00	106.57	106.66	106.4039	106.46	3695997	264.47	270.0	263.97	269.71	86705860
2018-02-15 00:00:00-05:00	106.55	106.7272	106.53	106.59	2398428	271.59	273.01	268.77	273.0	72021939
2018-02-16 00:00:00-05:00	106.85	106.875	106.71	106.81	3391074	272.31	275.32	272.27	273.09	76314679
2018-02-20 00:00:00-05:00	106.69	106.7099	106.5501	106.68	2372055	272.03	273.67	264.84	271.43	54829423
2018-02-21 00:00:00-05:00	106.77	106.8	106.2601	106.3	3017853	271.9	274.72	269.98	270.0	67813909
2018-02-22 00:00:00-05:00	106.49	106.56	106.36	106.36	2150355	271.09	273.05	269.64	270.32	65771832
2018-02-23 00:00:00-05:00	106.61	106.76	106.565	106.69	2113324	271.81	274.7	271.25	274.69	54742759
2018-02-26 00:00:00-05:00	106.88	106.95	106.69	106.72	2889672	275.93	278.01	275.26	277.89	52845664
2018-02-27 00:00:00-05:00	106.78	106.82	106.38	106.51	5078222	278.11	278.92	274.36	274.38	69466207
2018-02-28 00:00:00-05:00	106.59	106.77	106.54	106.72	5615652	275.68	276.19	271.31	271.33	80872510
2018-03-01 00:00:00-05:00	106.54	106.72	106.381	106.62	6951525	271.41	273.17	266.0	267.73	131660848
2018-03-02 00:00:00-05:00	106.47	106.5498	106.36	106.45	3329358	265.8	269.72	264.82	269.13	94402748
2018-03-05 00:00:00-05:00	106.6	106.65	106.28	106.39	3067977	267.73	272.89	267.61	272.21	65507643
2018-03-06 00:00:00-05:00	106.45	106.56	106.38	106.41	1670726	273.27	273.39	271.18	272.89	51979296
2018-03-07 00:00:00-05:00	106.51	106.55	106.37	106.41	2943741	270.44	273.18	270.2	272.8	64159156
2018-03-08 00:00:00-05:00	106.42	106.63	106.42	106.55	2199472	273.54	274.24	272.42	274.08	48124689
2018-03-09 00:00:00-05:00	106.43	106.46	106.3048	106.39	3341072	275.7	278.85	275.34	278.82	61988372
2018-03-12 00:00:00-04:00	106.43	106.49	106.37	106.44	3185932	279.2	279.91	278.0801	278.5	44169227
2018-03-13 00:00:00-04:00	106.59	106.6	106.453	106.58	1985356	279.87	280.41	276.03	276.69	59188186
2018-03-14 00:00:00-04:00	106.54	106.845	106.52	106.745	2866596	277.81	278.02	274.67	275.27	67660149
2018-03-15 00:00:00-04:00	106.73	106.8099	106.64	106.745	2668025	275.88	276.61	274.43	275.01	51163040
2018-03-16 00:00:00-04:00	106.62	106.7199	106.6	106.7	2281173	274.48	275.39	274.16	274.19	43856748
2018-03-19 00:00:00-04:00	106.56	106.74	106.53	106.58	2068013	273.33	273.38	268.62	270.49	77851316
2018-03-20 00:00:00-04:00	106.44	106.51	106.4	106.41	2769390	270.93	271.67	270.18	270.94	38399686
2018-03-21 00:00:00-04:00	106.32	106.48	106.08	106.41	2841377	270.9	273.27	270.19	270.43	59831437
2018-03-22 00:00:00-04:00	106.67	106.8	106.49	106.61	2789748	267.91	268.87	263.36	263.67	105012105
2018-03-23 00:00:00-04:00	106.46	106.7	106.46	106.61	2569628	264.16	265.02	257.83	258.01	117338697
2018-03-26 00:00:00-04:00	106.64	106.71	106.47	106.55	4150072	262.13	265.43	259.41	265.17	88386559
2018-03-27 00:00:00-04:00	106.63	106.95	106.61	106.87	2608360	266.17	266.77	258.84	260.53	102512350
2018-03-28 00:00:00-04:00	107.05	107.1	106.88	106.94	3810747	260.75	262.64	258.58	259.84	105882176
2018-03-29 00:00:00-04:00	106.95	107.26	106.95	107.235	5600597	261.1	265.26	260.28	263.49	82896154
2018-04-02 00:00:00-04:00	106.9	107.04	106.82	106.91	6661775	262.56	263.13	254.67	257.53	126727740
2018-04-03 00:00:00-04:00	106.82	106.87	106.74	106.76	5871914	258.87	261.31	256.84	260.77	88849064
2018-04-04 00:00:00-04:00	106.9	106.9267	106.791	106.82	4254644	256.73	264.355	256.6	263.83	95133231
2018-04-05 00:00:00-04:00	106.71	106.76	106.63	106.67	2297638	265.54	266.64	262.53	265.65	62798377
2018-04-06 00:00:00-04:00	106.89	106.9763	106.79	106.91	2572691	263.42	265.11	258.0	259.8	125877631
2018-04-09 00:00:00-04:00	106.83	107.0	106.78	107.0	3503554	261.38	264.84	260.54	260.86	68296254
2018-04-10 00:00:00-04:00	106.95	106.985	106.83	106.92	2630899	264.27	266.04	262.98	265.14	82367232
2018-04-11 00:00:00-04:00	107.05	107.0599	106.93	107.0	5805386	263.48	265.64	263.39	263.75	65639730
2018-04-12 00:00:00-04:00	106.91	106.93	106.76	106.76	2832907	265.26	267.0	263.7436	265.91	56993917
2018-04-13 00:00:00-04:00	106.69	106.84	106.67	106.8	2001135	267.41	267.54	264.01	265.16	64423982
2018-04-16 00:00:00-04:00	106.64	106.84	106.61	106.82	3566637	267.0	268.2	266.07	267.32	47200738
2018-04-17 00:00:00-04:00	106.81	106.8899	106.75	106.85	1945810	269.34	270.87	267.3087	270.15	43925299
2018-04-18 00:00:00-04:00	106.74	106.751	106.54	106.545	2050040	270.69	271.3	269.87	270.37	38816394
2018-04-19 00:00:00-04:00	106.34	106.3899	106.24	106.305	10695213	269.65	269.88	267.72	268.86	57829976
2018-04-20 00:00:00-04:00	106.15	106.24	106.02	106.02	2369089	268.81	269.06	265.61	266.63	63059766
2018-04-23 00:00:00-04:00	105.98	106.01	105.9	105.9699	2302534	267.26	267.89	265.35	266.58	47669677
2018-04-24 00:00:00-04:00	105.85	105.92	105.78	105.83	3085215	267.72	267.9762	261.28	263.03	92784662
2018-04-25 00:00:00-04:00	105.72	105.74	105.6	105.65	2975440	262.91	264.13	260.85	263.57	70038158
2018-04-26 00:00:00-04:00	105.83	105.9	105.76	105.82	3229832	264.79	267.2452	264.29	266.31	50268533
2018-04-27 00:00:00-04:00	105.96	106.04	105.94	105.99	1721309	267.02	267.34	265.5	266.58	42807808
2018-04-30 00:00:00-04:00	106.01	106.12	105.99	106.0	2961427	267.24	267.89	264.43	264.45	54498462
2018-05-01 00:00:00-04:00	105.73	105.79	105.6	105.65	2478664	263.9	265.1	262.11	264.99	54741086
2018-05-02 00:00:00-04:00	105.7	105.78	105.62	105.65	1987640	264.76	265.68	262.76	263.2	57707909
2018-05-03 00:00:00-04:00	105.82	105.95	105.78	105.8	4236471	262.26	263.36	259.05	262.575	99237468
2018-05-04 00:00:00-04:00	105.92	105.93	105.71	105.86	1979610	261.48	266.7892	261.15	266.0	60836486
2018-05-07 00:00:00-04:00	105.88	105.88	105.77	105.8	1282671	266.9	268.02	266.11	266.9	41038098
2018-05-08 00:00:00-04:00	105.66	105.75	105.6	105.69	1774008	266.5	267.325	265.15	266.9	49927144
2018-05-09 00:00:00-04:00	105.56	105.64	105.52	105.57	1852783	267.68	269.865	267.09	269.44	45791251
2018-05-10 00:00:00-04:00	105.75	105.82	105.69	105.78	1913020	270.35	272.39	269.5404	272.01	47735546
2018-05-11 00:00:00-04:00	105.9	105.9	105.76	105.87	1360890	272.16	273.15	271.58	272.64	39420788
2018-05-14 00:00:00-04:00	105.79	105.85	105.74	105.75	1815558	273.34	274.08	272.36	272.92	39904030
2018-05-15 00:00:00-04:00	105.49	105.49	105.19	105.3	1774899	271.56	271.61	270.03	271.03	60612005
2018-05-16 00:00:00-04:00	105.36	105.42	105.15	105.15	2203115	271.11	272.76	271.1	272.21	35795468
2018-05-17 00:00:00-04:00	105.19	105.21	105.0	105.03	2398623	271.94	273.23	271.13	272.01	42955758
2018-05-18 00:00:00-04:00	105.16	105.32	105.16	105.31	2030375	271.62	272.03	270.93	271.34	38394595
2018-05-21 00:00:00-04:00	105.28	105.37	105.2405	105.32	1732393	272.97	273.98	272.6	273.36	38373863
2018-05-22 00:00:00-04:00	105.32	105.3712	105.28	105.32	2057403	273.96	274.25	272.24	272.56	39456475
2018-05-23 00:00:00-04:00	105.5	105.65	105.48	105.6	5198703	271.18	273.39	270.99	273.38	45201583
2018-05-24 00:00:00-04:00	105.82	105.96	105.82	105.89	2078909	272.92	273.22	270.78	272.85	51150719
2018-05-25 00:00:00-04:00	106.1	106.18	106.03	106.14	1773467	272.15	272.86	271.58	272.18	35476860
2018-05-29 00:00:00-04:00	106.37	107.0	106.32	106.825	2408580	270.31	271.17	267.76	269.1	80524183
2018-05-30 00:00:00-04:00	106.54	106.67	106.401	106.55	2695082	270.53	273.11	270.42	272.58	52248736
2018-05-31 00:00:00-04:00	106.56	106.67	106.39	106.51	4233686	272.16	272.49	270.255	270.74	63151207
2018-06-01 00:00:00-04:00	105.96	106.13	105.91	106.07	4509044	272.4	273.94	272.33	273.65	47904264
2018-06-04 00:00:00-04:00	106.0	106.01	105.79	105.83	2733963	274.52	275.185	274.26	274.9	34130417
2018-06-05 00:00:00-04:00	105.99	106.04	105.85	105.92	1556162	275.04	275.53	274.18	275.2	36061387
2018-06-06 00:00:00-04:00	105.71	105.75	105.581	105.66	2480586	275.81	277.52	275.09	277.5	42692098
2018-06-07 00:00:00-04:00	105.64	106.12	105.6246	105.9	2545847	277.95	278.28	276.34	277.33	52005828
2018-06-08 00:00:00-04:00	105.75	105.9	105.74	105.75	3163343	276.85	278.25	276.66	278.2	43749957
2018-06-11 00:00:00-04:00	105.65	105.69	105.57	105.65	3219156	278.44	279.37	278.31	278.565	36491787
2018-06-12 00:00:00-04:00	105.56	105.69	105.56	105.66	2580698	279.03	279.33	278.19	278.98	46181857
2018-06-13 00:00:00-04:00	105.69	105.75	105.38	105.5625	2630489	279.17	279.48	277.8	277.92	50645314
2018-06-14 00:00:00-04:00	105.75	105.86	105.691	105.84	4404107	279.01	279.33	278.0599	278.72	44782863
2018-06-15 00:00:00-04:00	106.01	106.089	105.86	105.88	2149105	276.6	277.51	275.35	277.2	59526413
2018-06-18 00:00:00-04:00	105.93	105.93	105.8	105.8835	2088016	275.49	276.7	274.95	276.57	37265631
2018-06-19 00:00:00-04:00	106.05	106.11	105.98	106.02	1962499	274.0	275.75	273.53	275.51	60173577
2018-06-20 00:00:00-04:00	106.06	106.06	105.79	105.805	2201454	276.27	276.72	275.59	275.98	35048095
2018-06-21 00:00:00-04:00	105.88	105.9599	105.81	105.865	2359615	275.96	275.98	273.68	274.23	52751183
2018-06-22 00:00:00-04:00	105.82	105.94	105.8	105.94	1643206	275.66	275.785	274.49	274.71	39703584
2018-06-25 00:00:00-04:00	105.95	106.04	105.86	105.89	2328609	273.44	273.6162	269.1	271.01	98130121
2018-06-26 00:00:00-04:00	105.99	106.035	105.9405	106.025	2302237	271.64	272.56	270.79	271.55	55231458
2018-06-27 00:00:00-04:00	106.23	106.31	106.16	106.25	2446849	272.26	273.865	269.18	269.27	77192163
2018-06-28 00:00:00-04:00	106.28	106.29	106.16	106.23	1589865	269.29	271.75	268.49	270.95	60532404
2018-06-29 00:00:00-04:00	106.3	106.42	106.25	106.3	5386069	272.12	273.66	271.19	271.19	60807488
2018-07-02 00:00:00-04:00	106.1	106.125	105.99	105.99	3855540	269.51	272.04	269.24	271.94	48149141
2018-07-03 00:00:00-04:00	106.03	106.21	106.025	106.195	2189882	272.87	272.98	270.42	270.83	29950023
2018-07-05 00:00:00-04:00	106.22	106.34	106.21	106.29	2461059	272.16	273.18	270.96	273.09	41513039
2018-07-06 00:00:00-04:00	106.41	106.45	106.32	106.41	2115822	273.14	275.84	272.715	275.37	47009612
2018-07-09 00:00:00-04:00	106.29	106.34	106.25	106.3	1598685	276.55	277.96	276.5	277.89	32603309
2018-07-10 00:00:00-04:00	106.28	106.3	106.19	106.24	2007063	278.41	279.01	278.08	278.82	38072685
2018-07-11 00:00:00-04:00	106.33	106.35	106.22	106.3	3892608	277.14	278.04	276.52	276.91	56481952
2018-07-12 00:00:00-04:00	106.26	106.42	106.26	106.4	1906017	278.27	279.43	277.6	279.3	42796569
2018-07-13 00:00:00-04:00	106.44	106.52	106.44	106.5	1939228	279.19	279.93	278.66	279.57	37014795
2018-07-16 00:00:00-04:00	106.35	106.4	106.2434	106.37	1617046	279.64	279.803	278.84	279.35	30340942
2018-07-17 00:00:00-04:00	106.4	106.45	106.29	106.33	2716745	278.47	280.91	278.41	280.5	39999168
2018-07-18 00:00:00-04:00	106.36	106.475	106.27	106.315	1553081	280.59	281.18	280.06	281.05	30022719
2018-07-19 00:00:00-04:00	106.34	106.545	106.31	106.49	1760360	280.31	280.74	279.46	280.01	44342606
2018-07-20 00:00:00-04:00	106.38	106.48	106.2	106.26	2792256	279.76	280.48	279.5	279.74	43292444
2018-07-23 00:00:00-04:00	106.17	106.185	105.885	105.91	1603571	279.45	280.43	279.06	280.24	34039725
2018-07-24 00:00:00-04:00	105.92	106.07	105.9001	106.04	1924876	281.79	282.56	280.63	281.57	46684350
2018-07-25 00:00:00-04:00	106.12	106.17	105.95	106.05	2028743	281.33	284.37	281.28	284.13	50868250
2018-07-26 00:00:00-04:00	106.1	106.15	105.95	106.0	1721051	283.21	284.11	283.09	283.29	38319472
2018-07-27 00:00:00-04:00	106.13	106.1599	106.04	106.075	1261312	283.71	283.82	280.38	281.46	57211361
2018-07-30 00:00:00-04:00	105.94	106.05	105.91	105.95	2784448	281.49	281.69	279.36	279.89	46935673
2018-07-31 00:00:00-04:00	106.11	106.1756	106.05	106.06	4704161	280.81	282.02	280.38	281.22	48645613
2018-08-01 00:00:00-04:00	105.55	105.76	105.512	105.69	3896190	281.56	282.13	280.1315	280.92	40627557
2018-08-02 00:00:00-04:00	105.76	105.76	105.65	105.73	2989387	279.38	282.58	279.16	282.34	42491022
2018-08-03 00:00:00-04:00	105.81	105.9799	105.81	105.93	2286629	282.53	283.65	282.33	283.64	34485363
2018-08-06 00:00:00-04:00	106.03	106.11	106.0	106.03	2974758	283.56	284.99	283.2015	284.68	29906355
2018-08-07 00:00:00-04:00	105.97	105.97	105.825	105.84	2368151	285.39	286.01	285.24	285.54	32455420
2018-08-08 00:00:00-04:00	105.83	105.91	105.8	105.845	1613011	285.39	285.91	284.94	285.42	29142601
2018-08-09 00:00:00-04:00	105.97	106.04	105.9329	106.03	2168479	285.53	285.97	284.915	285.06	24338809
2018-08-10 00:00:00-04:00	106.11	106.36	106.11	106.23	2555922	283.45	284.055	282.36	283.12	56622478
2018-08-13 00:00:00-04:00	106.16	106.3	106.1501	106.285	2558386	283.47	284.16	281.77	282.05	49247799
2018-08-14 00:00:00-04:00	106.3	106.33	106.16	106.19	3862629	282.92	284.17	282.4833	283.86	32906829
2018-08-15 00:00:00-04:00	106.29	106.44	106.25	106.335	4093893	282.38	282.54	280.16	281.76	76384638
2018-08-16 00:00:00-04:00	106.38	106.42	106.24	106.39	2135827	283.4	285.04	283.36	284.1	49048421
2018-08-17 00:00:00-04:00	106.43	106.545	106.38	106.46	1915186	283.83	285.5601	283.37	285.02	43630918
2018-08-20 00:00:00-04:00	106.59	106.68	106.53	106.65	2105513	285.57	285.97	285.06	285.71	27878971
2018-08-21 00:00:00-04:00	106.58	106.62	106.51	106.575	2596721	286.24	287.31	286.105	286.25	47719238
2018-08-22 00:00:00-04:00	106.66	106.71	106.57	106.66	1725557	285.88	286.76	285.575	286.2	32602524
2018-08-23 00:00:00-04:00	106.67	106.705	106.62	106.62	1346950	285.97	286.94	285.43	285.77	35732521
2018-08-24 00:00:00-04:00	106.5	106.73	106.49	106.72	3039932	286.44	287.67	286.38	287.5	40945048
2018-08-27 00:00:00-04:00	106.59	106.66	106.56	106.59	2439457	288.86	289.9	288.68	289.72	36802314
2018-08-28 00:00:00-04:00	106.45	106.49	106.36	106.38	1880134	290.3	290.4175	289.4	289.88	31369031
2018-08-29 00:00:00-04:00	106.38	106.41	106.29	106.36	1881163	290.16	291.74	289.8854	291.47	38873854
2018-08-30 00:00:00-04:00	106.47	106.5	106.38	106.43	2311328	290.94	291.36	289.63	290.24	46359182
2018-08-31 00:00:00-04:00	106.58	106.6	106.42	106.42	2436493	289.84	290.81	289.29	290.22	41574725
2018-09-04 00:00:00-04:00	106.02	106.12	105.975	106.05	2295327	289.84	290.21	288.68	289.87	43756351
2018-09-05 00:00:00-04:00	106.05	106.075	105.96	106.02	2254250	289.41	289.64	287.89	289.06	49432684
2018-09-06 00:00:00-04:00	106.09	106.27	106.09	106.21	1857725	289.15	289.49	287.0	288.2	50836252
2018-09-07 00:00:00-04:00	105.92	105.94	105.82	105.83	2470155	286.98	288.7	286.71	287.56	51317994
2018-09-10 00:00:00-04:00	105.85	105.95	105.85	105.93	3085654	288.76	289.04	287.88	288.09	32357518
2018-09-11 00:00:00-04:00	105.78	105.84	105.7	105.73	1943309	287.37	289.55	286.975	289.11	36335994
2018-09-12 00:00:00-04:00	105.81	105.89	105.8	105.8	2083656	289.06	289.8	288.23	289.16	46644377
2018-09-13 00:00:00-04:00	105.96	106.0	105.85	105.88	2076503	290.32	291.0384	289.995	290.82	38536035
2018-09-14 00:00:00-04:00	105.72	105.7899	105.66	105.67	2530495	291.06	291.27	290.0	290.9	37322600
2018-09-17 00:00:00-04:00	105.65	105.78	105.6	105.66	5198364	290.82	290.86	289.03	289.34	43382137
2018-09-18 00:00:00-04:00	105.59	105.6	105.39	105.43	2194556	289.57	291.58	289.55	290.9	38573521
2018-09-19 00:00:00-04:00	105.42	105.43	105.22	105.27	2605609	290.97	291.69	290.825	291.25	34596543
2018-09-20 00:00:00-04:00	105.23	105.45	105.23	105.37	2627111	292.64	293.94	292.51	293.55	54097569
2018-09-21 00:00:00-04:00	105.34	105.47	105.3232	105.465	2420806	293.09	293.22	291.81	292.01	45805544
2018-09-24 00:00:00-04:00	105.33	105.46	105.3101	105.35	1771301	291.34	291.5	290.37	291.07	37585070
2018-09-25 00:00:00-04:00	105.25	105.3	105.18	105.29	1863777	291.53	291.65	290.4833	290.7	30128907
2018-09-26 00:00:00-04:00	105.37	105.6	105.335	105.56	2626493	290.92	292.24	289.41	289.84	53536102
2018-09-27 00:00:00-04:00	105.5	105.64	105.5	105.625	2252805	290.44	291.91	290.1	290.65	42099964
2018-09-28 00:00:00-04:00	105.69	105.71	105.51	105.52	3859908	289.99	291.28	289.95	290.61	49399177
2018-10-01 00:00:00-04:00	105.35	105.35	105.2	105.22	3048167	292.13	292.93	290.98	291.67	45685920
2018-10-02 00:00:00-04:00	105.32	105.46	105.25	105.355	4723031	291.56	292.355	291.14	291.57	36043833
2018-10-03 00:00:00-04:00	105.22	105.24	104.75	104.86	2493313	292.72	293.21	291.32	291.78	44874126
2018-10-04 00:00:00-04:00	104.6652	104.7171	104.4701	104.56	4713051	291.18	291.24	287.66	289.47	85200164
2018-10-05 00:00:00-04:00	104.46	104.48	104.19	104.33	3307883	289.69	290.27	286.22	287.89	77118851
2018-10-08 00:00:00-04:00	104.38	104.4	104.29	104.29	2017330	287.04	288.22	285.5	287.8	67482921
2018-10-09 00:00:00-04:00	104.35	104.5099	104.32	104.46	2406851	287.39	288.86	286.77	287.43	58656443
2018-10-10 00:00:00-04:00	104.34	104.46	104.2335	104.41	3623810	286.83	286.91	277.88	278.17	151494009
2018-10-11 00:00:00-04:00	104.57	104.86	104.51	104.72	6661024	277.08	278.9	270.36	272.25	202752125
2018-10-12 00:00:00-04:00	104.7259	104.8699	104.675	104.75	4389220	276.77	277.09	272.37	276.01	130243220
2018-10-15 00:00:00-04:00	104.73	104.7835	104.6233	104.67	2502508	275.55	277.04	274.3	274.48	75385132
2018-10-16 00:00:00-04:00	104.69	104.74	104.58	104.74	5520646	276.57	280.82	276.07	280.3	75057478
2018-10-17 00:00:00-04:00	104.71	104.77	104.52	104.535	2608875	280.44	281.15	277.56	280.4	81740972
2018-10-18 00:00:00-04:00	104.39	104.6195	104.375	104.46	2687836	279.4	280.07	274.97	276.47	106592503
2018-10-19 00:00:00-04:00	104.47	104.55	104.34	104.37	2912850	277.12	279.3	275.47	276.19	86816021
2018-10-22 00:00:00-04:00	104.47	104.52	104.34	104.35	2634319	277.0	277.36	274.41	275.06	64990700
2018-10-23 00:00:00-04:00	104.67	104.74	104.475	104.485	3281760	270.94	274.87	268.61	273.54	113790534
2018-10-24 00:00:00-04:00	104.69	104.81	104.67	104.76	4029453	273.33	273.76	264.7	265.22	130172487
2018-10-25 00:00:00-04:00	104.71	104.77	104.61	104.665	3882207	267.37	271.81	266.23	270.14	97215770
2018-10-26 00:00:00-04:00	104.88	105.05	104.87	104.915	4411985	265.92	271.0	262.29	265.29	161147868
